 : 0.18469022311210337
a: 0.06478283994219299
b: 0.012482199369450851
c: 0.021026731566119786
d: 0.03474806330785261
e: 0.1030255482414084
f: 0.0193307622334818
g: 0.015960068994219475
h: 0.05098030017581105
i: 0.0564153633366808
j: 0.0011769172371766416
k: 0.005768812035958279
l: 0.032904049030786274
m: 0.020685952754241895
n: 0.056416230893904934
o: 0.06196720825878063
p: 0.014461451423313799
q: 0.0008689422033883027
r: 0.048930908260091305
s: 0.052094407048038
t: 0.07477501780505587
u: 0.022946164965819433
v: 0.007979565704977409
w: 0.018085938218962518
x: 0.001320974530686847
y: 0.015658240778431788
z: 0.0005171185710649366
